-0.5 -0.5 0.0 1.0 0.0 0.0 0.0 0.0 1.0 0.39972 0.815711 0.438485 0.766398 -0.5 0.7 0.9
0.0 -0.5 0.0 1.0 0.0 0.0 0.0 0.0 1.0 0.39972 0.815711 0.438485 0.766398 -0.5 0.5 0.5
0.5 -0.5 0.0 1.0 0.0 0.0 0.0 1.0 1.0 0.39972 0.815711 0.438485 0.766398 -0.0077142 0.98009 0.98009
-0.5 0.5 0.0 1.0 1.0 0.0 0.0 1.0 1.0 0.39972 0.815711 0.438485 0.766398 -0.0077142 0.98009 0.98009
-0.5 0.0 0.0 1.0 1.0 0.0 0.0 1.0 1.0 0.39972 0.815711 0.438485 0.766398 -0.0077142 0.98009 0.98009
0.5 0.5 0.0 1.0 0.0 1.0 0.0 1.0 1.0 0.39972 0.815711 0.438485 0.766398 -0.0077142 0.98009 0.98009
0.0 0.5 0.0 1.0 0.0 1.0 0.0 1.0 1.0 0.39972 0.815711 0.438485 0.766398 -0.0077142 0.98009 0.98009
0.5 0.0 0.0 1.0 0.0 1.0 0.0 1.0 1.0 0.39972 0.815711 0.438485 0.766398 -0.0077142 0.98009 0.98009
-0.5 -0.5 0.5 0.0 1.0 0.0 0.0 1.0 1.0 0.39972 0.815711 0.438485 0.766398 -0.0077142 0.98009 0.98009
0.0 -0.5 0.5 1.0 0.0 0.0 0.0 0.0 1.0 0.39972 0.815711 0.438485 0.766398 -0.0077142 0.98009 0.98009
0.5 -0.5 0.5 0.0 0.0 1.0 1.0 1.0 0.0 0.39972 0.815711 0.438485 0.766398 -0.0077142 0.98009 0.98009
-0.5 0.5 0.5 0.0 0.0 1.0 1.0 0.0 1.0 0.39972 0.815711 0.438485 0.766398 -0.0077142 0.98009 0.98009
-0.5 0.0 0.5 1.0 1.0 0.0 0.0 1.0 1.0 0.39972 0.815711 0.438485 0.766398 -0.0077142 0.98009 0.98009
0.5 0.5 0.5 0.0 1.0 0.0 0.0 1.0 1.0 0.39972 0.815711 0.438485 0.766398 -0.0077142 0.98009 0.98009
0.0 0.5 0.5 1.0 0.0 1.0 0.0 1.0 1.0 0.39972 0.815711 0.438485 0.766398 -0.0077142 0.98009 0.98009
0.5 0.0 0.5 1.0 0.0 1.0 0.0 1.0 1.0 0.39972 0.815711 0.438485 0.766398 -0.0077142 0.98009 0.98009
-0.5 -0.5 1.0 0.0 1.0 0.0 0.0 1.0 1.0 0.39972 0.815711 0.438485 0.766398 -0.0077142 0.98009 0.98009
0.0 -0.5 1.0 1.0 0.0 0.0 0.0 0.0 1.0 0.39972 0.815711 0.438485 0.766398 -0.0077142 0.98009 0.98009
0.5 -0.5 1.0 0.0 0.0 1.0 1.0 1.0 0.0 0.39972 0.815711 0.438485 0.766398 -0.0077142 0.98009 0.98009
-0.5 0.5 1.0 0.0 0.0 1.0 1.0 0.0 1.0 0.39972 0.815711 0.438485 0.766398 -0.0077142 0.98009 0.98009
-0.5 0.0 1.0 1.0 1.0 0.0 0.0 1.0 1.0 0.39972 0.815711 0.438485 0.766398 -0.0077142 0.98009 0.98009
0.5 0.5 1.0 0.0 1.0 0.0 0.0 1.0 1.0 0.39972 0.815711 0.438485 0.766398 -0.0077142 0.98009 0.98009
0.0 0.5 1.0 1.0 0.0 1.0 0.0 1.0 1.0 0.39972 0.815711 0.438485 0.766398 -0.0077142 0.98009 0.98009
0.5 0.0 1.0 1.0 0.0 1.0 0.0 1.0 1.0 0.39972 0.815711 0.438485 0.766398 -0.0077142 0.98009 0.98009
0.0 0.0 1.0 1.0 0.0 1.0 0.0 1.0 1.0 0.39972 0.815711 0.438485 0.766398 -0.0077142 0.98009 0.98009
0.0 0.0 0.5 1.0 0.0 1.0 0.0 1.0 1.0 0.39972 0.815711 0.438485 0.766398 -0.0077142 0.98009 0.98009
0.0 0.0 0.0 1.0 0.0 1.0 0.0 1.0 1.0 0.39972 0.815711 0.438485 0.766398 -0.0077142 0.98009 0.98009